0
1
2
3
4
5
0.467
1
C
0.375
2
C
0.331
3
C
0.281
4
C
0.467
1
C
0.375
2
C
0.331
3
C
0.281
4
C
0.467
1
C
0.375
2
C
0.331
3
C
0.281
4
C
0.467
1
C
0.375
2
C
0.331
3
C
0.281
4
C
0.258
1
G
0.221
2
G
0.328
3
G
0.148
4
G
0.071
1
A
0.128
2
A
0.01
3
A
0.39
4
A
0.467
1
C
0.375
2
C
0.331
3
C
0.281
4
C
0.071
1
A
0.128
2
A
0.01
3
A
0.39
4
A
0.467
1
C
0.375
2
C
0.331
3
C
0.281
4
C
0.467
1
C
0.375
2
C
0.331
3
C
0.281
4
C
0.071
1
A
0.128
2
A
0.01
3
A
0.39
4
A
0.467
1
C
0.375
2
C
0.331
3
C
0.281
4
C
0.071
1
A
0.128
2
A
0.01
3
A
0.39
4
A
[[0, -1000000, -1000000, -1000000, -1000000, 0], [0, -0.7614260213132397, -0.2876820724517809, -0.007024614936964354, 0.11689375147149943, 0], [0, 0.44274676301536264, 0.9164907118768214, 1.197148169391638, 1.3210665358001017, 0], [0, 1.6469195473439648, 2.120663496205424, 2.4013209537202402, 2.525239320128704, 0], [0, 2.2577226589252875, 2.796072956081368, 3.5963889710559234, 3.0882697088876756, 0], [0, 1.7898624673090697, 3.072360034747317, 0.92837997192991, 4.8796236905113375, 0], [0, 4.32427331200016, 4.798017260861618, 5.078674718376434, 5.2025930847848985, 0], [0, 3.6447967157011796, 4.927294283139426, 2.7833142203220196, 6.734557938903447, 0], [0, 6.179207560392269, 6.652951509253728, 6.933608966768544, 7.057527333177008, 0], [0, 7.383380344720871, 7.85712429358233, 8.137781751097146, 8.26170011750561, 0], [0, 6.703903748421892, 7.986401315860139, 5.8424212530427315, 9.793664971624159, 0], [0, 9.238314593112982, 9.71205854197444, 9.992715999489256, 10.11663436589772, 0], [0, 8.558837996814, 9.841335564252248, 7.697355501434841, 11.64859922001627, 0], [0, 0, 0, 0, 0, 11.64859922001627]]
