0
1
2
3
4
5
6
0.401
1
T
0.247
2
T
0.246
3
T
0.188
4
T
0.161
5
T
0.067
1
C
0.387
2
C
0.201
3
C
0.28
4
C
0.265
5
C
0.067
1
C
0.387
2
C
0.201
3
C
0.28
4
C
0.265
5
C
0.067
1
C
0.387
2
C
0.201
3
C
0.28
4
C
0.265
5
C
0.067
1
C
0.387
2
C
0.201
3
C
0.28
4
C
0.265
5
C
0.401
1
T
0.247
2
T
0.246
3
T
0.188
4
T
0.161
5
T
0.291
1
G
0.149
2
G
0.357
3
G
0.042
4
G
0.018
5
G
0.067
1
C
0.387
2
C
0.201
3
C
0.28
4
C
0.265
5
C
0.401
1
T
0.247
2
T
0.246
3
T
0.188
4
T
0.161
5
T
0.241
1
A
0.218
2
A
0.196
3
A
0.49
4
A
0.556
5
A
0.401
1
T
0.247
2
T
0.246
3
T
0.188
4
T
0.161
5
T
0.067
1
C
0.387
2
C
0.201
3
C
0.28
4
C
0.265
5
C
0.401
1
T
0.247
2
T
0.246
3
T
0.188
4
T
0.161
5
T
0.291
1
G
0.149
2
G
0.357
3
G
0.042
4
G
0.018
5
G
0.067
1
C
0.387
2
C
0.201
3
C
0.28
4
C
0.265
5
C
0.401
1
T
0.247
2
T
0.246
3
T
0.188
4
T
0.161
5
T
0.067
1
C
0.387
2
C
0.201
3
C
0.28
4
C
0.265
5
C
0.401
1
T
0.247
2
T
0.246
3
T
0.188
4
T
0.161
5
T
0.067
1
C
0.387
2
C
0.201
3
C
0.28
4
C
0.265
5
C
0.291
1
G
0.149
2
G
0.357
3
G
0.042
4
G
0.018
5
G
0.241
1
A
0.218
2
A
0.196
3
A
0.49
4
A
0.556
5
A
[[0, -1000000, -1000000, -1000000, -1000000, -1000000, 0], [0, -2.703062659591171, -0.2561834053924099, -0.5058380822549516, 0.11332868530700327, 0.28141245943818566, 0], [0, -1.3449106044175605, 1.1019686497812005, 0.852313972918659, 1.4714807404806136, 1.6395645146117959, 0], [0, 0.013241450756049605, 2.460120704954811, 2.210466028092269, 2.829632795654224, 2.9977165697854065, 0], [0, 1.37139350592966, 3.818272760128421, 3.5686180832658794, 4.187784850827835, 4.355868624959017, 0], [0, 4.518814369018874, 4.727388458900227, 5.128796766312776, 5.147589265662144, 5.215695219130867, 0], [0, 5.35819712568055, 5.381967345014462, 6.661221928956806, 4.808837837912317, 4.184683528839322, 0], [0, 4.54084945436127, 6.987728708560031, 6.738074031697489, 7.357240799259444, 7.525324573390627, 0], [0, 7.688270317450484, 7.8968444073318365, 8.298252714744386, 8.317045214093755, 8.385151167562478, 0], [0, 8.339126740431322, 8.931972050289701, 9.231056754839294, 10.43502955916523, 10.78453601362535, 0], [0, 10.640883689779184, 10.849457779660536, 11.250866087073087, 11.269658586422453, 11.337764539891177, 0], [0, 10.011635798660334, 12.458515052859095, 12.208860375996553, 12.828027143558508, 12.99611091768969, 0], [0, 13.159056661749547, 13.3676307516309, 13.76903905904345, 13.787831558392817, 13.85593751186154, 0], [0, 13.998439418411223, 14.022209637745135, 15.30146422168748, 13.44908013064299, 12.824925821569996, 0], [0, 13.181091747091944, 15.627971001290705, 15.378316324428162, 15.997483091990118, 16.1655668661213, 0], [0, 16.328512610181157, 16.53708670006251, 16.938495007475062, 16.95728750682443, 17.025393460293152, 0], [0, 15.699264719062308, 18.14614397326107, 17.896489296398528, 18.51565606396048, 18.683739838091665, 0], [0, 18.84668558215152, 19.055259672032875, 19.456667979445424, 19.47546047879479, 19.543566432263514, 0], [0, 18.21743769103267, 20.66431694523143, 20.41466226836889, 21.033829035930847, 21.201912810062026, 0], [0, 21.04422039398681, 21.06799061332072, 22.347245197263064, 20.494861106218575, 19.87070679714558, 0], [0, 21.506977036767218, 22.099822346625597, 22.39890705117519, 23.602879855501126, 23.952386309961245, 0], [0, 0, 0, 0, 0, 0, 23.952386309961245]]
